100 300
14 20 
27 50 
5 18 
38 76 
18 59 
64 27 
83 51 
96 77 
97 6 
8 82 
84 91 
47 31 
24 57 
35 46 
27 48 
71 14 
7 50 
39 35 
65 41 
90 37 
4 1 
2 11 
20 28 
15 7 
47 82 
12 88 
39 81 
39 54 
41 64 
16 90 
72 24 
44 52 
86 3 
22 32 
60 92 
5 97 
33 100 
42 63 
15 61 
33 81 
10 84 
75 47 
43 63 
27 93 
8 2 
66 78 
49 42 
18 83 
84 8 
40 42 
97 46 
1 72 
66 38 
38 68 
82 65 
18 52 
96 24 
24 47 
15 53 
52 3 
100 76 
18 20 
40 87 
16 72 
89 38 
78 45 
5 84 
78 83 
77 5 
77 72 
100 32 
58 100 
39 98 
86 31 
98 37 
22 31 
71 31 
24 77 
12 73 
37 100 
16 66 
85 90 
67 63 
18 44 
66 18 
79 86 
23 79 
43 90 
43 5 
32 46 
40 35 
85 74 
20 53 
39 52 
61 10 
79 53 
42 58 
40 24 
96 33 
89 79 
27 90 
51 4 
70 53 
51 34 
83 36 
38 40 
42 47 
24 58 
61 80 
44 85 
48 4 
22 15 
40 25 
45 47 
9 94 
78 12 
88 13 
98 50 
76 41 
64 99 
64 94 
80 33 
58 33 
12 66 
67 14 
68 17 
62 64 
28 82 
53 63 
86 57 
85 29 
5 80 
80 76 
62 23 
69 26 
100 62 
9 51 
93 100 
98 40 
14 61 
36 84 
47 75 
4 22 
32 24 
77 14 
4 24 
47 17 
55 94 
62 32 
67 79 
7 17 
58 37 
15 100 
87 26 
41 88 
44 37 
17 45 
58 57 
55 21 
3 53 
32 88 
88 29 
92 10 
47 100 
55 6 
56 68 
99 72 
73 42 
35 27 
1 68 
36 54 
38 9 
27 70 
38 32 
25 54 
46 64 
36 94 
59 72 
42 25 
3 43 
2 28 
20 38 
97 2 
29 53 
73 85 
22 42 
46 33 
43 17 
53 89 
16 57 
96 99 
63 48 
94 74 
65 56 
95 21 
37 93 
44 35 
1 55 
64 70 
63 10 
31 74 
83 72 
99 100 
53 75 
36 25 
75 70 
75 78 
56 38 
13 75 
27 65 
18 14 
17 33 
43 6 
1 38 
31 26 
85 88 
74 15 
84 58 
5 10 
68 27 
52 6 
77 83 
53 49 
25 83 
62 77 
62 98 
25 61 
75 26 
13 50 
4 64 
56 80 
13 53 
2 55 
32 98 
29 7 
33 15 
30 68 
53 11 
24 18 
81 30 
44 81 
62 82 
65 85 
83 14 
18 69 
46 10 
11 98 
33 97 
59 73 
23 92 
89 96 
72 28 
29 41 
60 33 
61 52 
91 31 
51 44 
74 17 
39 97 
43 10 
84 96 
22 45 
77 71 
98 21 
100 79 
29 67 
22 2 
30 23 
50 35 
21 15 
97 53 
35 82 
89 63 
41 75 
36 6 
2 49 
92 54 
3 76 
60 19 
37 71 
63 7 
63 15 
41 25 
96 62 
78 89 
58 8 
90 57 
36 98 
28 38 
7 65 
5 43 
7 28 
2 30 
25 36 
44 84 
58 89 
87 89 
72 46 
57 49 
60 32 